[array([[ 0.3154923 , -1.13972652,  0.68031687,  0.99513912, -0.30351412],
       [ 0.46209338,  1.35546792,  0.40179586, -1.00812435, -0.15794396]], dtype=float32), array([  4.45677906e-01,   8.93484321e-06,   4.50525820e-01,
        -2.59114859e-06,   0.00000000e+00], dtype=float32), array([[ 0.48936352, -0.05662829,  0.01805103,  0.27240247, -0.15629888],
       [-0.53693306, -0.63743633, -0.68035221,  0.94708794, -1.73457336],
       [ 0.7747519 , -0.49496982, -0.76751226,  0.66909695,  0.47870636],
       [-0.7018404 , -0.37255695, -0.69004083,  0.9095974 ,  1.14389133],
       [-0.28958786,  0.69477117, -0.05298883,  0.24670994, -0.49097171]], dtype=float32), array([ 0.45154285,  0.        , -0.05499396, -0.01513017, -0.14601986], dtype=float32), array([[ 1.227929  ,  0.64210439,  1.01473153,  1.3138932 , -0.42810276],
       [-0.16913611, -0.67459118,  0.64515805, -0.43405721, -0.08025748],
       [ 0.01634032,  0.09487623, -0.22562766,  0.25345135,  0.72735178],
       [-0.65211457,  1.21616852, -0.61605215,  0.0328721 , -0.12146949],
       [-0.20668325,  0.78601265, -0.11170049, -0.39521286,  0.22173114]], dtype=float32), array([ 0.34330517,  0.51000923,  0.4419407 , -0.03040748, -0.04246865], dtype=float32), array([[ 0.689403  ,  0.88619095,  1.38559222, -0.54222447,  1.11872506],
       [-0.34322014, -0.11967749, -0.39488056,  1.61454952, -0.14985445],
       [ 1.01881731,  1.48689759,  0.72014976, -1.16128731,  1.14902306],
       [ 0.89593464,  0.54941881,  1.18199813,  0.60278761,  0.56533217],
       [ 0.4700622 , -0.53015655,  0.45113343, -0.16422655, -0.5543862 ]], dtype=float32), array([ 0.21907845, -0.19085403,  0.08178166,  0.82804072, -0.10045063], dtype=float32), array([[-1.21721876],
       [-0.80498737],
       [-0.89646685],
       [ 1.30495203],
       [-1.57395411]], dtype=float32), array([ 0.88239843], dtype=float32)]